-1.4297302582870999 -0.5973651042723039 -0.3332219526296619 -1.4965650873929093 -1.796108309128583 -1.2153987763280005 -0.17517761426302092 -0.424138911882046 2.7854885973972054 -0.5950655361232993 0.3062643404003663 -1.440988094126047 0.4772878470297236 -0.4920367849677818 0.6147962969232799 -1.1828078545602252 1.3856426451511867 -1.3471713703813417 3.6880288181052716 0.40785208288612274
-0.5973651042723039 -0.11500710017203084 1.0864419529271037 1.0265065128647377 -1.5404486888903866 -0.4454423428846923 -1.9347666859951567 1.8882273011431234 -1.0000115174595072 1.0841995864924352 -2.0007246946108093 1.969533391970149 1.8718164047573438 0.05191194349046224 3.361721415063153 1.9355469468869742 -0.7114389053181815 -0.5097107108107107 -1.4602981313097523 -0.40227014887204704
-0.3332219526296619 1.0864419529271037 -1.7750057154072776 1.4176165982719557 0.9300395014388438 1.13441009368793 1.2258461469386388 1.4855285643336043 -2.026512837807215 -0.6934900535742471 1.0066060547297075 -3.813941391416019 0.14730631125171378 0.9964350236093591 -0.011789133554870601 -2.3465602083483583 -1.694824082541969 -1.0571303430532493 1.9272755207480468 0.7515611100263906
-1.4965650873929093 1.0265065128647377 1.4176165982719557 1.1036139779269463 1.309474588376622 0.16913541780163793 0.2581628145424326 1.3922685449909158 2.3177622415487673 0.6610556425966327 1.5383221141042573 0.9950893587375665 0.3333351936224757 1.7819048201085166 -0.5567380375992799 0.04906444345694849 -0.08648092976281385 0.11313681234491901 -1.735528654751288 0.8812159528860974
-1.796108309128583 -1.5404486888903866 0.9300395014388438 1.309474588376622 0.25102400704545325 -0.038909913062056045 0.939276661922264 1.1819737789422915 0.23688100429027426 -0.5208543154634762 1.2300329377411408 1.9415029370337844 0.8990165573618051 -1.2047985142987878 0.05837849897785946 -1.5212775142539565 -0.7342442417224757 1.1955833305143158 -0.3314474309838076 -0.36491178733764607
-1.2153987763280005 -0.4454423428846923 1.13441009368793 0.16913541780163793 -0.038909913062056045 -1.3225765180491742 -1.4691490780512808 -1.9715790575466974 0.1675257428790775 -0.996611472030638 0.08624524210016826 -1.6016239814288433 1.1218156776213903 -0.1499375138211709 0.31097781461527146 -0.002393861154789567 -0.1273686244121541 -2.445496863200892 -0.8416500659513232 -1.7865503297939527
-0.17517761426302092 -1.9347666859951567 1.2258461469386388 0.2581628145424326 0.939276661922264 -1.4691490780512808 -2.9924632166967102 -2.856041038065587 -2.0153333090356726 0.3749651448318367 -1.0726610705525956 -0.22696972181002562 0.2225391597254398 0.43538525357251334 0.412420530099909 1.1039925830354802 2.5363496918302544 -0.15040574068355272 -1.512473044559972 0.5395567030802144
-0.424138911882046 1.8882273011431234 1.4855285643336043 1.3922685449909158 1.1819737789422915 -1.9715790575466974 -2.856041038065587 -2.026066584934516 -1.5282797905531207 -0.9880516258364873 2.123822438219098 -0.9061609494615818 -2.0033103852084593 0.5594717902211173 1.144734929076935 -0.1879366667106631 -2.588479201826567 -0.08302973732547692 0.8600860473649806 0.680269534966476
2.7854885973972054 -1.0000115174595072 -2.026512837807215 2.3177622415487673 0.23688100429027426 0.1675257428790775 -2.0153333090356726 -1.5282797905531207 2.563110239019018 -0.16935019744356805 -1.7927988096393412 0.1790920272907629 2.7646439140306693 0.13984453513315231 1.6818337518255824 1.1154991963027516 -0.7356520872622243 0.387092179587196 -0.01268135061514608 0.5094977253507066
-0.5950655361232993 1.0841995864924352 -0.6934900535742471 0.6610556425966327 -0.5208543154634762 -0.996611472030638 0.3749651448318367 -0.9880516258364873 -0.16935019744356805 -0.2640133064430862 1.0248824488100459 1.1120184962680246 0.9732423370682488 0.046567594048264105 -1.7852627093215536 -3.828473483490092 1.0762588629025553 1.923781830917221 0.13005860582249096 0.42731879619846624
0.3062643404003663 -2.0007246946108093 1.0066060547297075 1.5383221141042573 1.2300329377411408 0.08624524210016826 -1.0726610705525956 2.123822438219098 -1.7927988096393412 1.0248824488100459 -2.500818573115061 -2.33478953542901 -0.06354464356560108 0.9028851229056162 -0.4334799487748882 1.3883722784695327 -3.925266044997683 0.3182394024349545 0.8027864363888472 -1.3205660392054888
-1.440988094126047 1.969533391970149 -3.813941391416019 0.9950893587375665 1.9415029370337844 -1.6016239814288433 -0.22696972181002562 -0.9061609494615818 0.1790920272907629 1.1120184962680246 -2.33478953542901 -2.238429698826211 0.7491132621772185 0.7980495316470467 0.1403268607230701 0.23152479207870114 -1.0475022184314824 -2.032923879880673 -0.31468665832661447 -0.2025211523241197
0.4772878470297236 1.8718164047573438 0.14730631125171378 0.3333351936224757 0.8990165573618051 1.1218156776213903 0.2225391597254398 -2.0033103852084593 2.7646439140306693 0.9732423370682488 -0.06354464356560108 0.7491132621772185 1.1553950325339042 0.5369438516950584 -2.1862014257945654 -0.6201903305535745 -1.7217292289351769 0.17674762270355765 -2.2039097084459423 -2.4650856685397002
-0.4920367849677818 0.05191194349046224 0.9964350236093591 1.7819048201085166 -1.2047985142987878 -0.1499375138211709 0.43538525357251334 0.5594717902211173 0.13984453513315231 0.046567594048264105 0.9028851229056162 0.7980495316470467 0.5369438516950584 1.776306896613976 1.6702899776198714 0.5183502231378736 -1.1362830769879777 -1.4006630751737414 -0.7017184800279388 1.623595023725875
0.6147962969232799 3.361721415063153 -0.011789133554870601 -0.5567380375992799 0.05837849897785946 0.31097781461527146 0.412420530099909 1.144734929076935 1.6818337518255824 -1.7852627093215536 -0.4334799487748882 0.1403268607230701 -2.1862014257945654 1.6702899776198714 -3.5369437110190636 -1.0088793183608438 -1.3073971338570116 -2.3318958325804227 0.6968152237793974 1.288078180297448
-1.1828078545602252 1.9355469468869742 -2.3465602083483583 0.04906444345694849 -1.5212775142539565 -0.002393861154789567 1.1039925830354802 -0.1879366667106631 1.1154991963027516 -3.828473483490092 1.3883722784695327 0.23152479207870114 -0.6201903305535745 0.5183502231378736 -1.0088793183608438 -0.6428574455105097 1.1694747438329927 2.7749700572606297 2.5495322376254146 0.9259895735382839
1.3856426451511867 -0.7114389053181815 -1.694824082541969 -0.08648092976281385 -0.7342442417224757 -0.1273686244121541 2.5363496918302544 -2.588479201826567 -0.7356520872622243 1.0762588629025553 -3.925266044997683 -1.0475022184314824 -1.7217292289351769 -1.1362830769879777 -1.3073971338570116 1.1694747438329927 -3.373895820539595 1.5706716539669263 0.12213302240891988 -0.859950834880545
-1.3471713703813417 -0.5097107108107107 -1.0571303430532493 0.11313681234491901 1.1955833305143158 -2.445496863200892 -0.15040574068355272 -0.08302973732547692 0.387092179587196 1.923781830917221 0.3182394024349545 -2.032923879880673 0.17674762270355765 -1.4006630751737414 -2.3318958325804227 2.7749700572606297 1.5706716539669263 -2.3983742311376584 1.7321148943598113 -1.6764352991816627
3.6880288181052716 -1.4602981313097523 1.9272755207480468 -1.735528654751288 -0.3314474309838076 -0.8416500659513232 -1.512473044559972 0.8600860473649806 -0.01268135061514608 0.13005860582249096 0.8027864363888472 -0.31468665832661447 -2.2039097084459423 -0.7017184800279388 0.6968152237793974 2.5495322376254146 0.12213302240891988 1.7321148943598113 -0.12136416304565964 0.5987754101831783
0.40785208288612274 -0.40227014887204704 0.7515611100263906 0.8812159528860974 -0.36491178733764607 -1.7865503297939527 0.5395567030802144 0.680269534966476 0.5094977253507066 0.42731879619846624 -1.3205660392054888 -0.2025211523241197 -2.4650856685397002 1.623595023725875 1.288078180297448 0.9259895735382839 -0.859950834880545 -1.6764352991816627 0.5987754101831783 1.630008306711476